seq/000000.color.jpg 0.000000 0.000000 0.000000 0.000000 0.000000
seq/000001.color.jpg 0.000000 0.000000 0.000000 0.000000 0.000000
seq/000002.color.jpg 0.000000 0.000000 0.000000 0.000000 0.000000
seq/000003.color.jpg 0.000000 0.000000 0.000000 0.000000 0.000000
seq/000004.color.jpg 0.000000 0.000000 0.000000 0.000000 0.000000
seq/000005.color.jpg 0.000000 0.000000 0.000000 0.000000 0.000000
seq/000006.color.jpg 0.000000 0.000000 0.000000 0.000000 0.000000
seq/000007.color.jpg 0.000000 0.000000 0.000000 0.000000 0.000000
seq/000008.color.jpg 0.000000 0.000000 0.000000 0.000000 0.000000
seq/000009.color.jpg 0.000000 0.000000 0.000000 0.000000 0.000000
seq/000010.color.jpg 0.000000 0.000000 0.000000 0.000000 0.000000
seq/000011.color.jpg 0.000000 0.000000 0.000000 0.000000 0.000000
