seq/000000.color.jpg 1.000000 0.000000 0.000000 0.000000 0.000000 0.000000 0.000000
seq/000001.color.jpg 1.000000 0.000000 0.000000 0.000000 -0.600000 0.000000 0.000000
seq/000002.color.jpg 1.000000 0.000000 0.000000 0.000000 -1.200000 0.000000 0.000000
seq/000003.color.jpg 1.000000 0.000000 0.000000 0.000000 -1.800000 0.000000 0.000000
seq/000004.color.jpg 1.000000 0.000000 0.000000 0.000000 -2.400000 0.000000 0.000000
seq/000005.color.jpg 1.000000 0.000000 0.000000 0.000000 -3.000000 0.000000 0.000000
seq/000006.color.jpg 1.000000 0.000000 0.000000 0.000000 -3.600000 0.000000 0.000000
seq/000007.color.jpg 1.000000 0.000000 0.000000 0.000000 -4.200000 0.000000 0.000000
seq/000008.color.jpg 1.000000 0.000000 0.000000 0.000000 -4.800000 0.000000 0.000000
seq/000009.color.jpg 1.000000 0.000000 0.000000 0.000000 -5.400000 0.000000 0.000000
seq/000010.color.jpg 1.000000 0.000000 0.000000 0.000000 -6.000000 0.000000 0.000000
seq/000011.color.jpg 1.000000 0.000000 0.000000 0.000000 -6.600000 0.000000 0.000000
