seq/000000.color.jpg 468.916032 468.916032 180.000000 320.000000 360 640
seq/000001.color.jpg 468.916032 468.916032 180.000000 320.000000 360 640
seq/000002.color.jpg 468.916032 468.916032 180.000000 320.000000 360 640
seq/000003.color.jpg 468.916032 468.916032 180.000000 320.000000 360 640
seq/000004.color.jpg 468.916032 468.916032 180.000000 320.000000 360 640
seq/000005.color.jpg 468.916032 468.916032 180.000000 320.000000 360 640
seq/000006.color.jpg 468.916032 468.916032 180.000000 320.000000 360 640
seq/000007.color.jpg 468.916032 468.916032 180.000000 320.000000 360 640
seq/000008.color.jpg 468.916032 468.916032 180.000000 320.000000 360 640
seq/000009.color.jpg 468.916032 468.916032 180.000000 320.000000 360 640
seq/000010.color.jpg 468.916032 468.916032 180.000000 320.000000 360 640
seq/000011.color.jpg 468.916032 468.916032 180.000000 320.000000 360 640
